$ 1 0.000005 1.0312258501325766 46 5 50 5e-11
v 576 496 576 336 0 0 40 9 0 0 0.5
s 576 336 688 336 0 0 false
r 736 336 736 432 0 220
162 736 432 736 496 2 default-led 1 0 0 0.01
w 576 496 736 496 0
162 896 272 896 304 2 default-led 1 0 0 0.01
r 864 336 864 384 0 1000
w 688 336 736 336 0
w 864 496 736 496 0
w 736 336 864 336 0
w 864 384 864 400 0
c 864 400 864 496 4 0.00009999999999999999 2.5687438185107694 0.001 0.1
r 864 400 944 400 0 220
162 944 400 944 496 2 default-led 1 0 0 0.01
w 864 496 944 496 0
