$ 1 0.000005 382.76258214399064 99 5 50 5e-11
v 400 464 400 304 0 0 40 5 0 0 0.5
r 544 304 640 304 0 1000
c 640 304 640 464 4 0.001 1.195644021971067 0.001 0.1
162 736 304 736 464 2 default-led 1 0 0 0.01
w 640 304 736 304 0
w 912 304 832 304 0
s 400 304 544 304 0 1 false
w 400 464 640 464 0
g 784 512 1120 512 0 0
w 640 464 736 464 0
w 736 464 832 464 0
162 912 304 912 464 2 default-led 1 0 0 0.01
c 1152 304 1152 464 4 0.001 1.6777830382964114 0.001 0
c 1184 304 1184 464 4 0.001 1.6777830382993002 0.001 0
c 832 304 832 464 4 0.001 1.1956385327868648 0.001 0
w 832 464 912 464 0
r 736 304 832 304 0 1000
o 3 64 0 4099 2.5 0.00009765625 0 2 3 3
o 2 64 0 4099 2.5 0.00009765625 1 2 2 3
o 11 64 0 4099 2.5 0.00009765625 2 2 11 3
